-10000
-9996
-9989
-9987
-9986
-9985
-9985
-9984
-9982
-9981
-9980
-9979
-9970
-9970
-9969
-9967
-9967
-9965
-9964
-9961
-9960
-9959
-9959
-9959
-9956
-9954
-9951
-9942
-9941
-9933
-9932
-9927
-9925
-9920
-9918
-9917
-9916
-9913
-9913
-9912
-9910
-9907
-9904
-9900
-9895
-9893
-9892
-9891
-9890
-9889
-9887
-9886
-9884
-9884
-9884
-9875
-9873
-9872
-9868
-9866
-9863
-9863
-9860
-9858
-9854
-9854
-9852
-9851
-9851
-9849
-9848
-9848
-9847
-9845
-9844
-9843
-9843
-9840
-9840
-9833
-9833
-9828
-9828
-9827
-9825
-9825
-9823
-9822
-9822
-9821
-9817
-9808
-9807
-9807
-9805
-9804
-9803
-9801
-9799
-9799
-9796
-9792
-9792
-9792
-9790
-9790
-9786
-9783
-9772
-9771
-9771
-9770
-9770
-9765
-9763
-9762
-9762
-9758
-9757
-9755
-9755
-9752
-9751
-9750
-9748
-9746
-9744
-9744
-9742
-9742
-9741
-9740
-9735
-9733
-9728
-9720
-9716
-9715
-9710
-9709
-9706
-9704
-9704
-9700
-9698
-9698
-9696
-9694
-9686
-9686
-9683
-9681
-9680
-9675
-9674
-9674
-9671
-9667
-9666
-9664
-9661
-9660
-9659
-9654
-9652
-9651
-9649
-9648
-9646
-9644
-9642
-9638
-9630
-9627
-9619
-9618
-9618
-9617
-9614
-9611
-9611
-9610
-9610
-9610
-9607
-9605
-9605
-9604
-9604
-9602
-9601
-9601
-9599
-9597
-9596
-9594
-9585
-9583
-9581
-9576
-9575
-9574
-9571
-9570
-9567
-9563
-9562
-9559
-9557
-9556
-9547
-9545
-9544
-9544
-9543
-9539
-9539
-9538
-9538
-9537
-9534
-9531
-9531
-9522
-9522
-9513
-9510
-9508
-9506
-9503
-9499
-9498
-9490
-9489
-9486
-9482
-9482
-9481
-9481
-9480
-9479
-9479
-9473
-9469
-9469
-9468
-9468
-9465
-9465
-9464
-9462
-9452
-9448
-9448
-9448
-9447
-9442
-9442
-9440
-9438
-9438
-9435
-9434
-9433
-9430
-9430
-9429
-9423
-9420
-9413
-9412
-9399
-9395
-9394
-9393
-9391
-9385
-9383
-9382
-9372
-9372
-9371
-9364
-9355
-9354
-9350
-9347
-9345
-9344
-9342
-9342
-9336
-9319
-9319
-9313
-9312
-9309
-9309
-9309
-9308
-9306
-9297
-9294
-9293
-9292
-9292
-9291
-9291
-9291
-9290
-9290
-9284
-9279
-9279
-9279
-9277
-9274
-9271
-9269
-9266
-9263
-9263
-9261
-9259
-9254
-9246
-9246
-9241
-9240
-9238
-9235
-9234
-9231
-9227
-9216
-9216
-9215
-9212
-9210
-9207
-9206
-9206
-9205
-9203
-9202
-9202
-9200
-9198
-9196
-9194
-9193
-9192
-9188
-9186
-9177
-9173
-9173
-9170
-9167
-9165
-9161
-9160
-9159
-9159
-9154
-9151
-9141
-9141
-9140
-9139
-9136
-9126
-9124
-9121
-9121
-9120
-9118
-9113
-9113
-9111
-9110
-9107
-9102
-9100
-9098
-9096
-9095
-9091
-9086
-9085
-9082
-9078
-9078
-9063
-9058
-9052
-9045
-9045
-9045
-9044
-9043
-9040
-9038
-9038
-9035
-9033
-9032
-9028
-9024
-9023
-9016
-9016
-9014
-9008
-9004
-9003
-9000
-8999
-8999
-8999
-8999
-8993
-8990
-8989
-8987
-8984
-8982
-8977
-8977
-8977
-8976
-8975
-8973
-8973
-8972
-8972
-8972
-8970
-8970
-8969
-8966
-8965
-8962
-8953
-8951
-8950
-8948
-8947
-8947
-8945
-8945
-8944
-8942
-8940
-8938
-8936
-8935
-8927
-8926
-8924
-8919
-8916
-8913
-8913
-8912
-8911
-8910
-8909
-8907
-8906
-8904
-8903
-8888
-8887
-8882
-8881
-8881
-8881
-8880
-8879
-8879
-8876
-8874
-8872
-8872
-8868
-8865
-8863
-8858
-8857
-8855
-8855
-8853
-8852
-8852
-8849
-8845
-8844
-8841
-8838
-8834
-8827
-8827
-8824
-8809
-8808
-8808
-8801
-8800
-8797
-8793
-8785
-8783
-8778
-8778
-8776
-8767
-8767
-8767
-8766
-8763
-8763
-8761
-8759
-8759
-8757
-8754
-8753
-8750
-8748
-8747
-8743
-8741
-8738
-8738
-8737
-8733
-8731
-8731
-8728
-8723
-8720
-8719
-8719
-8717
-8715
-8714
-8713
-8712
-8702
-8700
-8698
-8698
-8693
-8693
-8689
-8685
-8675
-8673
-8667
-8665
-8663
-8662
-8660
-8659
-8659
-8656
-8654
-8651
-8645
-8639
-8638
-8635
-8633
-8620
-8616
-8615
-8611
-8611
-8611
-8611
-8610
-8607
-8607
-8605
-8604
-8595
-8595
-8593
-8592
-8590
-8590
-8590
-8589
-8586
-8583
-8579
-8573
-8571
-8570
-8569
-8567
-8556
-8555
-8550
-8545
-8543
-8536
-8536
-8534
-8528
-8527
-8525
-8523
-8522
-8519
-8518
-8515
-8508
-8506
-8504
-8500
-8500
-8499
-8493
-8490
-8486
-8484
-8480
-8479
-8479
-8475
-8475
-8473
-8468
-8468
-8464
-8463
-8462
-8462
-8462
-8456
-8455
-8455
-8455
-8450
-8447
-8442
-8439
-8439
-8434
-8431
-8427
-8426
-8422
-8415
-8413
-8412
-8410
-8410
-8407
-8407
-8400
-8399
-8398
-8397
-8397
-8394
-8392
-8390
-8388
-8387
-8383
-8382
-8382
-8381
-8379
-8378
-8378
-8374
-8372
-8369
-8368
-8364
-8364
-8363
-8361
-8354
-8351
-8350
-8348
-8344
-8339
-8338
-8334
-8332
-8331
-8328
-8323
-8319
-8309
-8302
-8302
-8301
-8301
-8295
-8293
-8293
-8291
-8288
-8287
-8285
-8285
-8282
-8278
-8276
-8275
-8275
-8274
-8272
-8270
-8269
-8266
-8262
-8261
-8261
-8260
-8251
-8250
-8246
-8246
-8244
-8243
-8240
-8239
-8239
-8237
-8237
-8232
-8230
-8229
-8226
-8222
-8219
-8217
-8212
-8211
-8206
-8205
-8198
-8193
-8175
-8175
-8170
-8169
-8168
-8166
-8161
-8161
-8159
-8156
-8152
-8152
-8151
-8150
-8149
-8147
-8144
-8143
-8143
-8141
-8136
-8135
-8131
-8124
-8118
-8118
-8117
-8114
-8105
-8103
-8102
-8102
-8100
-8100
-8098
-8092
-8091
-8089
-8088
-8088
-8087
-8087
-8080
-8080
-8076
-8074
-8066
-8065
-8065
-8063
-8059
-8049
-8039
-8035
-8034
-8034
-8032
-8023
-8022
-8020
-8015
-8013
-8013
-8010
-8008
-8007
-8006
-8006
-8005
-7993
-7991
-7979
-7965
-7965
-7965
-7960
-7960
-7958
-7954
-7952
-7950
-7948
-7947
-7946
-7943
-7943
-7940
-7940
-7939
-7939
-7938
-7937
-7937
-7936
-7933
-7929
-7928
-7927
-7926
-7922
-7921
-7919
-7915
-7913
-7904
-7899
-7895
-7891
-7890
-7882
-7880
-7877
-7871
-7871
-7869
-7868
-7867
-7865
-7863
-7863
-7861
-7860
-7860
-7856
-7849
-7842
-7838
-7834
-7829
-7824
-7822
-7822
-7820
-7819
-7818
-7814
-7810
-7806
-7803
-7801
-7801
-7801
-7800
-7800
-7797
-7793
-7792
-7791
-7787
-7783
-7783
-7778
-7776
-7774
-7773
-7773
-7770
-7766
-7764
-7763
-7761
-7761
-7760
-7757
-7747
-7744
-7738
-7737
-7729
-7727
-7727
-7723
-7722
-7716
-7716
-7714
-7711
-7709
-7704
-7702
-7701
-7697
-7694
-7693
-7690
-7688
-7687
-7686
-7684
-7681
-7678
-7673
-7666
-7665
-7664
-7663
-7662
-7661
-7660
-7658
-7655
-7654
-7653
-7653
-7652
-7645
-7641
-7640
-7629
-7628
-7623
-7621
-7615
-7615
-7613
-7610
-7608
-7606
-7606
-7604
-7602
-7602
-7602
-7596
-7596
-7595
-7595
-7593
-7591
-7589
-7586
-7586
-7582
-7580
-7578
-7574
-7573
-7571
-7570
-7570
-7566
-7564
-7561
-7561
-7559
-7555
-7554
-7553
-7550
-7547
-7547
-7546
-7545
-7544
-7543
-7543
-7543
-7535
-7534
-7532
-7530
-7527
-7524
-7523
-7523
-7523
-7519
-7515
-7514
-7511
-7508
-7506
-7505
-7504
-7504
-7502
-7502
-7501
-7497
-7494
-7488
-7485
-7484
-7478
-7478
-7474
-7473
-7470
-7467
-7466
-7465
-7465
-7464
-7464
-7462
-7462
-7462
-7458
-7456
-7445
-7443
-7443
-7442
-7442
-7441
-7440
-7438
-7438
-7438
-7433
-7433
-7432
-7428
-7428
-7423
-7420
-7418
-7417
-7417
-7417
-7412
-7410
-7409
-7407
-7406
-7405
-7404
-7399
-7397
-7396
-7395
-7393
-7393
-7393
-7390
-7388
-7387
-7383
-7382
-7374
-7374
-7362
-7359
-7355
-7353
-7352
-7350
-7350
-7350
-7349
-7345
-7345
-7343
-7335
-7332
-7330
-7329
-7328
-7326
-7322
-7319
-7319
-7319
-7318
-7316
-7312
-7311
-7311
-7310
-7307
-7304
-7303
-7303
-7302
-7301
-7300
-7293
-7291
-7288
-7287
-7282
-7281
-7281
-7281
-7280
-7276
-7272
-7269
-7269
-7265
-7265
-7264
-7260
-7260
-7252
-7251
-7247
-7243
-7243
-7238
-7236
-7232
-7231
-7223
-7223
-7223
-7220
-7217
-7216
-7213
-7208
-7205
-7203
-7201
-7195
-7194
-7194
-7191
-7189
-7186
-7181
-7181
-7181
-7181
-7178
-7171
-7165
-7164
-7157
-7156
-7152
-7152
-7151
-7150
-7146
-7145
-7145
-7139
-7137
-7130
-7128
-7125
-7121
-7119
-7118
-7117
-7113
-7111
-7110
-7099
-7099
-7098
-7096
-7095
-7089
-7086
-7084
-7079
-7077
-7075
-7074
-7071
-7071
-7071
-7070
-7051
-7049
-7047
-7046
-7044
-7043
-7042
-7039
-7031
-7026
-7020
-7017
-7012
-7008
-7008
-7002
-7001
-7001
-6996
-6995
-6990
-6989
-6986
-6986
-6980
-6978
-6978
-6977
-6969
-6966
-6964
-6963
-6959
-6953
-6953
-6953
-6952
-6951
-6950
-6949
-6949
-6946
-6945
-6940
-6937
-6935
-6934
-6934
-6934
-6926
-6925
-6925
-6924
-6919
-6916
-6912
-6911
-6907
-6900
-6894
-6893
-6892
-6891
-6890
-6886
-6883
-6876
-6873
-6863
-6858
-6857
-6854
-6850
-6847
-6840
-6839
-6836
-6835
-6832
-6830
-6822
-6819
-6815
-6813
-6811
-6802
-6801
-6799
-6793
-6791
-6791
-6789
-6786
-6786
-6785
-6779
-6777
-6765
-6765
-6762
-6756
-6755
-6752
-6752
-6751
-6744
-6743
-6739
-6735
-6734
-6732
-6731
-6730
-6729
-6727
-6726
-6724
-6724
-6721
-6721
-6719
-6719
-6712
-6709
-6706
-6701
-6700
-6697
-6693
-6692
-6692
-6692
-6691
-6686
-6686
-6686
-6685
-6682
-6679
-6677
-6672
-6669
-6668
-6662
-6659
-6652
-6652
-6651
-6647
-6646
-6644
-6642
-6638
-6635
-6634
-6634
-6629
-6625
-6625
-6624
-6623
-6620
-6619
-6616
-6612
-6611
-6604
-6602
-6599
-6597
-6596
-6595
-6594
-6590
-6590
-6587
-6574
-6573
-6572
-6571
-6567
-6567
-6563
-6562
-6558
-6548
-6548
-6548
-6547
-6542
-6541
-6541
-6540
-6538
-6535
-6535
-6534
-6522
-6522
-6521
-6520
-6518
-6512
-6512
-6508
-6507
-6501
-6501
-6500
-6499
-6493
-6483
-6483
-6481
-6480
-6479
-6476
-6475
-6473
-6468
-6467
-6453
-6452
-6446
-6443
-6439
-6433
-6429
-6427
-6425
-6423
-6417
-6416
-6415
-6413
-6409
-6407
-6406
-6405
-6403
-6399
-6394
-6390
-6387
-6386
-6385
-6385
-6383
-6372
-6370
-6369
-6367
-6364
-6361
-6356
-6353
-6351
-6349
-6348
-6348
-6343
-6336
-6335
-6326
-6325
-6324
-6322
-6320
-6320
-6317
-6316
-6311
-6311
-6309
-6298
-6297
-6292
-6290
-6290
-6289
-6287
-6283
-6277
-6276
-6276
-6275
-6273
-6270
-6269
-6269
-6268
-6263
-6255
-6252
-6251
-6250
-6236
-6236
-6235
-6234
-6234
-6231
-6230
-6229
-6225
-6223
-6223
-6220
-6217
-6215
-6213
-6212
-6212
-6207
-6206
-6205
-6205
-6204
-6203
-6189
-6189
-6186
-6184
-6183
-6183
-6181
-6181
-6181
-6180
-6177
-6175
-6170
-6170
-6169
-6167
-6161
-6157
-6156
-6146
-6142
-6142
-6138
-6137
-6130
-6129
-6128
-6125
-6125
-6123
-6113
-6111
-6111
-6109
-6108
-6107
-6107
-6104
-6103
-6103
-6102
-6101
-6100
-6100
-6098
-6096
-6096
-6092
-6087
-6082
-6081
-6081
-6079
-6079
-6076
-6074
-6072
-6071
-6069
-6069
-6058
-6056
-6054
-6054
-6050
-6036
-6033
-6031
-6030
-6029
-6026
-6026
-6024
-6022
-6021
-6020
-6014
-6013
-6013
-6011
-6010
-6010
-6009
-6008
-6006
-6006
-6005
-6002
-6001
-6000
-5993
-5985
-5984
-5984
-5982
-5980
-5979
-5978
-5976
-5974
-5966
-5965
-5962
-5962
-5956
-5950
-5949
-5947
-5945
-5944
-5942
-5940
-5939
-5937
-5936
-5934
-5927
-5926
-5919
-5917
-5916
-5915
-5914
-5909
-5908
-5907
-5907
-5905
-5904
-5900
-5896
-5893
-5893
-5888
-5887
-5883
-5880
-5878
-5875
-5873
-5872
-5870
-5868
-5866
-5866
-5865
-5864
-5864
-5864
-5864
-5861
-5861
-5860
-5858
-5856
-5854
-5852
-5849
-5847
-5844
-5843
-5841
-5838
-5836
-5834
-5834
-5833
-5829
-5818
-5815
-5814
-5812
-5810
-5807
-5806
-5806
-5802
-5800
-5800
-5798
-5796
-5794
-5794
-5793
-5787
-5787
-5778
-5776
-5775
-5773
-5771
-5769
-5768
-5767
-5766
-5761
-5759
-5756
-5754
-5754
-5749
-5747
-5742
-5740
-5734
-5726
-5721
-5713
-5709
-5706
-5706
-5704
-5701
-5700
-5698
-5698
-5696
-5695
-5694
-5692
-5692
-5692
-5686
-5686
-5684
-5684
-5678
-5676
-5676
-5675
-5668
-5666
-5663
-5662
-5661
-5651
-5651
-5650
-5646
-5645
-5637
-5636
-5636
-5635
-5630
-5625
-5622
-5621
-5620
-5619
-5619
-5619
-5609
-5608
-5607
-5604
-5603
-5602
-5591
-5589
-5587
-5584
-5580
-5576
-5573
-5570
-5565
-5564
-5563
-5560
-5558
-5558
-5556
-5554
-5553
-5551
-5550
-5548
-5542
-5539
-5534
-5532
-5532
-5532
-5532
-5531
-5531
-5522
-5521
-5518
-5516
-5516
-5515
-5511
-5505
-5505
-5505
-5502
-5499
-5494
-5492
-5490
-5490
-5488
-5486
-5481
-5464
-5460
-5455
-5453
-5452
-5452
-5452
-5449
-5448
-5445
-5444
-5439
-5435
-5434
-5431
-5430
-5429
-5426
-5423
-5422
-5419
-5419
-5418
-5411
-5411
-5404
-5401
-5400
-5398
-5397
-5388
-5385
-5382
-5380
-5379
-5379
-5378
-5376
-5376
-5372
-5370
-5369
-5363
-5361
-5360
-5359
-5349
-5348
-5346
-5344
-5342
-5338
-5331
-5330
-5330
-5329
-5326
-5318
-5317
-5317
-5315
-5315
-5308
-5308
-5306
-5306
-5305
-5301
-5293
-5290
-5286
-5278
-5278
-5276
-5276
-5271
-5265
-5260
-5260
-5260
-5257
-5256
-5255
-5252
-5247
-5247
-5238
-5238
-5237
-5236
-5235
-5232
-5230
-5229
-5221
-5220
-5216
-5213
-5210
-5208
-5205
-5201
-5197
-5196
-5194
-5190
-5188
-5187
-5187
-5186
-5180
-5180
-5169
-5166
-5161
-5158
-5156
-5153
-5152
-5151
-5149
-5143
-5139
-5136
-5135
-5135
-5135
-5132
-5132
-5132
-5131
-5130
-5126
-5122
-5122
-5122
-5117
-5116
-5111
-5111
-5108
-5108
-5102
-5101
-5098
-5095
-5091
-5091
-5077
-5075
-5070
-5069
-5068
-5066
-5063
-5062
-5061
-5061
-5060
-5055
-5054
-5053
-5053
-5047
-5046
-5045
-5044
-5043
-5043
-5040
-5039
-5039
-5031
-5031
-5030
-5029
-5028
-5026
-5025
-5023
-5022
-5021
-5020
-5018
-5016
-5016
-5015
-5011
-5011
-5009
-5001
-5001
-4998
-4998
-4996
-4995
-4994
-4990
-4988
-4981
-4979
-4976
-4976
-4974
-4973
-4970
-4966
-4965
-4965
-4962
-4961
-4961
-4961
-4960
-4960
-4959
-4957
-4953
-4952
-4952
-4951
-4948
-4947
-4945
-4942
-4941
-4941
-4940
-4936
-4933
-4929
-4929
-4927
-4927
-4926
-4925
-4924
-4924
-4923
-4916
-4916
-4915
-4908
-4905
-4902
-4895
-4895
-4894
-4894
-4893
-4890
-4887
-4883
-4879
-4878
-4869
-4869
-4865
-4861
-4859
-4859
-4858
-4857
-4854
-4853
-4853
-4853
-4846
-4845
-4843
-4841
-4837
-4837
-4833
-4833
-4827
-4826
-4824
-4819
-4819
-4818
-4816
-4816
-4816
-4808
-4808
-4806
-4804
-4804
-4801
-4799
-4799
-4798
-4796
-4795
-4793
-4788
-4786
-4785
-4782
-4777
-4774
-4769
-4766
-4765
-4764
-4756
-4752
-4749
-4749
-4748
-4747
-4742
-4741
-4740
-4734
-4733
-4722
-4722
-4721
-4720
-4719
-4718
-4713
-4713
-4712
-4709
-4703
-4703
-4703
-4702
-4696
-4694
-4693
-4683
-4679
-4678
-4678
-4676
-4675
-4674
-4670
-4669
-4669
-4666
-4665
-4656
-4654
-4645
-4643
-4640
-4637
-4637
-4636
-4635
-4632
-4628
-4628
-4626
-4625
-4624
-4623
-4618
-4617
-4613
-4613
-4613
-4611
-4609
-4608
-4608
-4608
-4604
-4600
-4596
-4596
-4594
-4591
-4590
-4590
-4586
-4585
-4585
-4584
-4579
-4577
-4576
-4572
-4570
-4570
-4565
-4564
-4562
-4561
-4550
-4549
-4549
-4544
-4535
-4533
-4531
-4530
-4519
-4518
-4517
-4513
-4504
-4501
-4500
-4498
-4495
-4493
-4492
-4491
-4491
-4490
-4485
-4472
-4470
-4468
-4468
-4466
-4465
-4464
-4462
-4454
-4453
-4452
-4449
-4449
-4445
-4445
-4444
-4443
-4442
-4441
-4439
-4438
-4437
-4436
-4435
-4435
-4435
-4435
-4433
-4431
-4431
-4428
-4424
-4424
-4423
-4412
-4408
-4407
-4407
-4403
-4403
-4397
-4389
-4388
-4386
-4385
-4385
-4384
-4380
-4372
-4365
-4364
-4364
-4363
-4361
-4360
-4344
-4339
-4338
-4335
-4335
-4326
-4318
-4311
-4305
-4303
-4303
-4299
-4299
-4298
-4296
-4286
-4280
-4279
-4274
-4269
-4268
-4267
-4257
-4256
-4255
-4234
-4230
-4230
-4227
-4219
-4219
-4217
-4217
-4216
-4214
-4213
-4210
-4208
-4207
-4206
-4203
-4197
-4196
-4194
-4185
-4184
-4180
-4179
-4178
-4177
-4174
-4171
-4169
-4168
-4164
-4164
-4162
-4153
-4150
-4150
-4149
-4144
-4140
-4139
-4139
-4136
-4135
-4129
-4129
-4129
-4126
-4125
-4123
-4122
-4121
-4120
-4116
-4114
-4112
-4107
-4106
-4096
-4084
-4081
-4079
-4078
-4072
-4071
-4070
-4068
-4065
-4063
-4062
-4062
-4061
-4053
-4049
-4047
-4044
-4044
-4044
-4041
-4040
-4039
-4038
-4033
-4032
-4031
-4031
-4029
-4028
-4025
-4017
-4016
-4015
-4015
-4011
-4008
-4008
-4007
-4006
-4004
-4002
-3998
-3997
-3996
-3996
-3994
-3993
-3992
-3991
-3988
-3987
-3983
-3981
-3979
-3977
-3976
-3975
-3974
-3971
-3969
-3969
-3968
-3962
-3958
-3953
-3951
-3945
-3943
-3941
-3941
-3939
-3936
-3934
-3932
-3928
-3928
-3921
-3918
-3917
-3916
-3912
-3912
-3909
-3907
-3906
-3904
-3902
-3900
-3900
-3899
-3898
-3896
-3891
-3889
-3886
-3884
-3880
-3873
-3871
-3870
-3868
-3863
-3859
-3857
-3855
-3853
-3846
-3845
-3840
-3839
-3839
-3838
-3836
-3834
-3828
-3828
-3826
-3825
-3821
-3818
-3817
-3815
-3815
-3813
-3810
-3810
-3806
-3804
-3804
-3803
-3800
-3798
-3798
-3798
-3792
-3789
-3789
-3786
-3786
-3782
-3780
-3780
-3780
-3779
-3773
-3772
-3770
-3769
-3768
-3765
-3752
-3751
-3750
-3747
-3746
-3742
-3740
-3732
-3731
-3730
-3726
-3723
-3722
-3720
-3717
-3716
-3716
-3716
-3714
-3705
-3702
-3701
-3701
-3700
-3698
-3695
-3692
-3692
-3690
-3682
-3679
-3678
-3677
-3673
-3672
-3672
-3670
-3668
-3667
-3667
-3660
-3660
-3656
-3652
-3647
-3646
-3646
-3644
-3643
-3641
-3641
-3639
-3636
-3634
-3633
-3632
-3630
-3625
-3625
-3624
-3623
-3617
-3616
-3616
-3615
-3614
-3608
-3608
-3608
-3607
-3606
-3601
-3595
-3594
-3592
-3592
-3590
-3590
-3588
-3588
-3587
-3586
-3582
-3581
-3581
-3580
-3577
-3576
-3575
-3571
-3571
-3570
-3567
-3566
-3559
-3559
-3557
-3556
-3556
-3547
-3544
-3542
-3537
-3533
-3531
-3529
-3528
-3527
-3522
-3521
-3521
-3520
-3516
-3515
-3514
-3514
-3513
-3512
-3509
-3507
-3505
-3504
-3501
-3498
-3498
-3494
-3493
-3492
-3491
-3491
-3488
-3488
-3485
-3483
-3482
-3480
-3479
-3477
-3476
-3475
-3473
-3473
-3469
-3460
-3455
-3452
-3451
-3438
-3438
-3433
-3431
-3430
-3428
-3427
-3426
-3425
-3423
-3423
-3420
-3410
-3410
-3408
-3406
-3401
-3401
-3400
-3399
-3392
-3388
-3386
-3386
-3385
-3376
-3376
-3376
-3375
-3374
-3371
-3370
-3365
-3364
-3362
-3361
-3361
-3360
-3360
-3355
-3353
-3350
-3350
-3346
-3345
-3336
-3330
-3329
-3326
-3324
-3323
-3322
-3318
-3315
-3313
-3308
-3304
-3303
-3297
-3292
-3290
-3287
-3284
-3278
-3273
-3271
-3263
-3259
-3256
-3256
-3253
-3251
-3250
-3246
-3244
-3244
-3242
-3241
-3240
-3239
-3236
-3235
-3234
-3227
-3222
-3222
-3217
-3212
-3210
-3210
-3208
-3205
-3204
-3196
-3195
-3192
-3192
-3191
-3190
-3189
-3188
-3187
-3181
-3180
-3177
-3175
-3172
-3169
-3169
-3169
-3165
-3162
-3158
-3158
-3157
-3157
-3156
-3155
-3154
-3153
-3153
-3152
-3151
-3151
-3146
-3144
-3144
-3141
-3137
-3129
-3128
-3127
-3126
-3111
-3107
-3093
-3090
-3089
-3086
-3083
-3083
-3082
-3081
-3078
-3077
-3074
-3072
-3072
-3072
-3067
-3066
-3066
-3066
-3063
-3055
-3052
-3052
-3048
-3046
-3044
-3043
-3033
-3030
-3027
-3024
-3017
-3014
-3012
-3012
-3010
-3010
-3009
-2999
-2999
-2996
-2988
-2987
-2985
-2982
-2974
-2971
-2964
-2959
-2957
-2952
-2946
-2936
-2936
-2929
-2925
-2924
-2920
-2918
-2917
-2917
-2915
-2914
-2914
-2910
-2898
-2896
-2896
-2892
-2892
-2886
-2881
-2880
-2877
-2875
-2875
-2873
-2872
-2872
-2871
-2870
-2867
-2862
-2859
-2857
-2853
-2851
-2850
-2846
-2845
-2842
-2840
-2838
-2837
-2836
-2835
-2833
-2817
-2816
-2812
-2811
-2808
-2807
-2802
-2802
-2800
-2797
-2797
-2797
-2796
-2789
-2783
-2780
-2780
-2779
-2777
-2776
-2769
-2765
-2760
-2760
-2758
-2757
-2756
-2755
-2754
-2754
-2750
-2746
-2744
-2744
-2741
-2741
-2733
-2731
-2730
-2729
-2728
-2728
-2720
-2719
-2714
-2712
-2709
-2709
-2698
-2694
-2691
-2691
-2690
-2686
-2683
-2680
-2678
-2677
-2675
-2666
-2664
-2664
-2660
-2658
-2653
-2651
-2651
-2649
-2646
-2646
-2645
-2640
-2640
-2631
-2630
-2629
-2627
-2620
-2620
-2613
-2609
-2605
-2601
-2598
-2594
-2594
-2592
-2589
-2587
-2585
-2582
-2577
-2577
-2575
-2573
-2570
-2567
-2566
-2566
-2564
-2553
-2551
-2547
-2541
-2538
-2536
-2528
-2527
-2526
-2521
-2518
-2515
-2515
-2514
-2511
-2505
-2504
-2502
-2502
-2501
-2498
-2498
-2495
-2492
-2491
-2491
-2491
-2489
-2489
-2484
-2483
-2481
-2479
-2477
-2475
-2474
-2473
-2471
-2465
-2465
-2462
-2462
-2456
-2453
-2451
-2449
-2448
-2444
-2441
-2438
-2435
-2424
-2421
-2420
-2416
-2407
-2403
-2395
-2395
-2390
-2383
-2382
-2381
-2381
-2378
-2377
-2371
-2369
-2365
-2365
-2365
-2365
-2364
-2364
-2364
-2360
-2353
-2350
-2349
-2345
-2343
-2340
-2339
-2336
-2332
-2331
-2329
-2328
-2327
-2321
-2319
-2314
-2313
-2310
-2303
-2303
-2300
-2298
-2297
-2290
-2289
-2288
-2287
-2287
-2285
-2285
-2276
-2276
-2275
-2275
-2275
-2274
-2273
-2269
-2268
-2268
-2267
-2266
-2266
-2263
-2262
-2256
-2252
-2249
-2248
-2248
-2248
-2246
-2244
-2242
-2241
-2239
-2236
-2235
-2234
-2230
-2228
-2227
-2224
-2222
-2221
-2220
-2219
-2217
-2214
-2212
-2209
-2206
-2202
-2200
-2197
-2196
-2195
-2193
-2187
-2186
-2185
-2177
-2175
-2174
-2172
-2171
-2169
-2165
-2163
-2161
-2160
-2159
-2158
-2152
-2149
-2148
-2144
-2144
-2142
-2141
-2134
-2130
-2129
-2128
-2127
-2124
-2121
-2117
-2116
-2112
-2112
-2108
-2107
-2103
-2102
-2102
-2101
-2101
-2096
-2096
-2080
-2077
-2073
-2064
-2061
-2057
-2056
-2050
-2047
-2046
-2044
-2039
-2037
-2034
-2032
-2023
-2022
-2021
-2020
-2019
-2015
-2013
-2007
-2002
-1999
-1997
-1995
-1990
-1990
-1989
-1987
-1985
-1981
-1981
-1978
-1967
-1958
-1958
-1957
-1955
-1955
-1952
-1950
-1950
-1949
-1947
-1946
-1926
-1924
-1920
-1917
-1911
-1911
-1900
-1900
-1899
-1896
-1887
-1884
-1881
-1880
-1878
-1877
-1873
-1873
-1870
-1869
-1868
-1863
-1863
-1848
-1845
-1840
-1839
-1838
-1835
-1834
-1828
-1823
-1818
-1814
-1809
-1800
-1800
-1799
-1797
-1796
-1791
-1790
-1790
-1788
-1780
-1779
-1771
-1770
-1768
-1766
-1760
-1759
-1757
-1753
-1752
-1752
-1744
-1740
-1739
-1739
-1738
-1737
-1727
-1723
-1720
-1719
-1715
-1715
-1712
-1710
-1706
-1706
-1706
-1704
-1703
-1698
-1698
-1697
-1694
-1686
-1684
-1675
-1672
-1671
-1670
-1666
-1661
-1653
-1653
-1641
-1641
-1640
-1638
-1637
-1636
-1632
-1630
-1630
-1624
-1624
-1621
-1621
-1618
-1615
-1613
-1613
-1611
-1609
-1603
-1602
-1601
-1595
-1595
-1593
-1592
-1592
-1591
-1591
-1589
-1588
-1587
-1584
-1580
-1578
-1577
-1575
-1575
-1575
-1574
-1568
-1563
-1563
-1561
-1561
-1558
-1557
-1545
-1543
-1543
-1541
-1540
-1538
-1536
-1535
-1534
-1533
-1526
-1524
-1521
-1514
-1509
-1508
-1506
-1505
-1504
-1501
-1500
-1500
-1498
-1498
-1496
-1489
-1484
-1480
-1479
-1478
-1473
-1469
-1466
-1451
-1447
-1446
-1446
-1443
-1442
-1440
-1440
-1439
-1434
-1430
-1428
-1428
-1427
-1415
-1415
-1410
-1410
-1407
-1401
-1401
-1401
-1400
-1389
-1389
-1388
-1383
-1381
-1379
-1373
-1370
-1369
-1365
-1364
-1362
-1359
-1356
-1355
-1355
-1350
-1348
-1344
-1344
-1343
-1339
-1333
-1330
-1328
-1326
-1325
-1321
-1317
-1312
-1309
-1305
-1304
-1300
-1299
-1298
-1295
-1282
-1281
-1279
-1278
-1277
-1269
-1268
-1267
-1261
-1259
-1256
-1254
-1252
-1250
-1249
-1249
-1244
-1243
-1241
-1239
-1236
-1236
-1236
-1231
-1230
-1227
-1224
-1216
-1207
-1203
-1203
-1202
-1200
-1194
-1193
-1193
-1192
-1182
-1179
-1178
-1176
-1161
-1161
-1157
-1156
-1150
-1149
-1147
-1146
-1144
-1143
-1138
-1133
-1132
-1128
-1125
-1125
-1122
-1118
-1117
-1114
-1113
-1111
-1110
-1109
-1102
-1101
-1099
-1091
-1088
-1087
-1086
-1085
-1084
-1082
-1080
-1077
-1071
-1071
-1066
-1065
-1060
-1056
-1055
-1053
-1051
-1050
-1049
-1046
-1043
-1040
-1037
-1036
-1035
-1034
-1033
-1033
-1029
-1026
-1008
-1004
-1001
-1001
-1000
-999
-997
-996
-989
-982
-980
-972
-972
-966
-965
-963
-960
-956
-955
-954
-954
-940
-932
-929
-929
-927
-927
-924
-923
-922
-917
-907
-904
-903
-899
-899
-898
-896
-896
-895
-894
-892
-889
-888
-887
-883
-882
-881
-881
-880
-880
-870
-869
-867
-865
-865
-864
-862
-861
-861
-861
-854
-851
-850
-849
-849
-837
-833
-830
-828
-826
-824
-823
-823
-807
-802
-802
-800
-797
-797
-794
-794
-793
-791
-790
-784
-781
-778
-775
-768
-767
-766
-765
-765
-761
-754
-747
-741
-740
-740
-740
-739
-733
-732
-732
-729
-725
-724
-714
-714
-713
-712
-711
-709
-704
-704
-702
-701
-700
-696
-696
-695
-692
-691
-691
-690
-690
-690
-689
-686
-686
-680
-678
-673
-669
-669
-669
-667
-665
-663
-663
-658
-647
-645
-642
-638
-633
-626
-622
-619
-617
-615
-613
-611
-611
-608
-608
-607
-606
-604
-603
-599
-596
-595
-594
-591
-582
-581
-580
-579
-574
-573
-572
-572
-571
-567
-562
-561
-558
-556
-554
-550
-548
-548
-547
-544
-542
-541
-539
-527
-525
-518
-518
-517
-515
-513
-509
-506
-506
-505
-503
-500
-499
-492
-491
-489
-476
-474
-467
-466
-466
-464
-464
-463
-460
-458
-458
-454
-454
-451
-449
-449
-446
-438
-437
-436
-434
-431
-428
-424
-424
-422
-419
-419
-413
-411
-411
-410
-403
-400
-395
-393
-385
-384
-383
-383
-382
-381
-381
-380
-379
-370
-367
-366
-364
-361
-361
-359
-356
-356
-347
-346
-346
-343
-343
-342
-338
-333
-331
-329
-328
-327
-322
-320
-315
-306
-303
-292
-291
-278
-277
-277
-277
-276
-274
-271
-270
-269
-265
-264
-264
-258
-258
-252
-250
-247
-245
-245
-243
-242
-242
-240
-239
-237
-233
-232
-227
-225
-222
-220
-218
-217
-211
-200
-200
-199
-198
-194
-193
-191
-189
-187
-181
-181
-174
-171
-170
-157
-155
-155
-152
-151
-149
-143
-138
-138
-136
-131
-117
-111
-110
-107
-104
-104
-100
-99
-99
-98
-89
-89
-88
-85
-83
-83
-82
-80
-68
-68
-62
-61
-58
-53
-52
-48
-47
-43
-42
-41
-34
-28
-25
-23
-21
-18
-15
-12
-11
-11
-10
-1
5
8
13
17
22
24
24
25
25
26
26
27
38
39
42
43
44
47
48
49
52
56
58
60
60
64
65
66
66
68
70
75
78
90
92
94
96
97
104
106
108
109
110
116
120
121
122
128
128
130
132
136
143
149
152
153
155
156
160
161
162
162
164
166
176
180
184
185
185
187
190
197
200
205
206
214
217
223
225
225
226
228
230
233
233
234
242
244
248
252
255
256
258
258
259
262
263
265
266
267
270
272
275
276
277
280
286
286
288
294
295
301
303
303
314
314
319
321
325
327
335
337
341
341
354
354
355
359
360
361
361
362
362
364
364
367
369
370
372
373
377
382
383
387
388
393
395
402
404
406
411
411
413
415
417
419
424
425
425
425
427
432
433
435
436
439
443
445
449
461
461
464
466
467
468
471
475
479
485
486
487
490
492
493
494
496
503
503
503
505
505
509
509
517
518
522
527
528
530
531
535
537
540
541
541
550
553
555
555
560
561
563
565
566
567
567
569
574
576
578
581
583
584
589
594
595
596
596
601
604
604
610
612
613
616
617
618
624
626
629
630
635
636
639
640
642
645
646
646
647
647
651
653
654
655
659
660
661
662
663
667
668
670
672
673
673
674
675
677
680
689
692
693
695
696
698
705
706
706
707
709
709
711
714
715
718
721
729
731
733
734
734
738
744
752
753
757
758
758
761
763
764
767
770
774
782
791
793
793
798
799
801
801
802
802
807
807
810
811
819
824
833
836
837
839
842
845
853
853
858
860
861
866
873
874
875
881
886
890
891
891
891
894
894
897
897
900
900
909
910
911
911
914
915
916
916
917
917
922
922
923
924
925
928
930
930
934
936
940
940
940
941
945
946
948
951
955
960
961
963
968
973
980
984
989
989
989
991
992
992
998
1007
1008
1014
1015
1019
1021
1021
1022
1023
1025
1030
1034
1042
1048
1049
1049
1052
1054
1055
1055
1061
1067
1070
1072
1074
1075
1079
1083
1090
1091
1091
1094
1099
1101
1102
1104
1105
1116
1119
1125
1127
1129
1132
1133
1136
1137
1137
1144
1146
1146
1147
1151
1152
1152
1153
1156
1158
1158
1158
1161
1161
1165
1167
1167
1168
1169
1169
1177
1180
1183
1186
1186
1186
1187
1187
1190
1191
1192
1192
1201
1203
1206
1208
1210
1212
1213
1215
1219
1220
1223
1225
1229
1230
1232
1233
1235
1235
1238
1239
1245
1250
1251
1252
1252
1254
1258
1258
1268
1269
1276
1277
1278
1278
1282
1282
1284
1287
1287
1290
1293
1294
1295
1298
1300
1308
1308
1309
1313
1314
1319
1321
1322
1324
1324
1326
1330
1333
1343
1343
1346
1346
1349
1350
1356
1362
1362
1365
1371
1371
1372
1373
1373
1382
1383
1385
1387
1390
1391
1395
1400
1405
1408
1409
1409
1410
1415
1416
1423
1424
1426
1427
1429
1435
1435
1436
1439
1439
1441
1443
1450
1454
1466
1472
1476
1477
1477
1478
1479
1486
1488
1488
1489
1495
1495
1496
1499
1500
1502
1502
1504
1507
1508
1508
1511
1515
1516
1526
1529
1534
1539
1542
1543
1543
1547
1550
1553
1554
1556
1564
1567
1569
1571
1572
1578
1579
1584
1585
1585
1585
1586
1590
1592
1594
1597
1599
1604
1604
1608
1611
1613
1615
1615
1624
1627
1636
1637
1638
1638
1638
1639
1640
1656
1656
1657
1658
1660
1660
1662
1664
1666
1667
1674
1679
1680
1681
1681
1686
1688
1689
1692
1695
1700
1703
1708
1708
1710
1712
1717
1720
1722
1723
1726
1727
1729
1730
1731
1731
1732
1734
1737
1739
1741
1743
1746
1747
1748
1748
1755
1765
1766
1768
1770
1771
1777
1779
1780
1780
1784
1790
1811
1817
1818
1823
1823
1825
1830
1834
1834
1836
1839
1839
1840
1842
1844
1850
1854
1855
1857
1862
1864
1866
1868
1873
1875
1877
1880
1880
1883
1886
1892
1893
1895
1896
1896
1901
1901
1902
1903
1903
1906
1909
1911
1912
1912
1913
1914
1915
1916
1916
1916
1917
1918
1922
1923
1927
1931
1931
1934
1935
1943
1943
1943
1951
1953
1958
1961
1962
1963
1964
1964
1969
1970
1970
1972
1977
1979
1986
1988
1994
2000
2000
2001
2002
2010
2011
2012
2015
2018
2020
2022
2024
2027
2034
2035
2036
2037
2039
2042
2042
2043
2048
2049
2052
2053
2054
2060
2061
2061
2064
2065
2067
2069
2070
2070
2073
2074
2076
2076
2077
2078
2079
2081
2083
2083
2084
2084
2085
2088
2091
2093
2095
2099
2100
2101
2104
2105
2107
2112
2115
2123
2125
2132
2133
2135
2140
2142
2153
2156
2156
2160
2163
2163
2163
2169
2173
2173
2179
2179
2182
2184
2184
2184
2187
2193
2193
2194
2194
2196
2197
2200
2200
2204
2206
2207
2210
2215
2215
2221
2221
2222
2231
2231
2237
2240
2243
2245
2248
2254
2255
2256
2257
2258
2261
2264
2265
2268
2271
2276
2281
2285
2287
2288
2293
2296
2299
2311
2313
2314
2319
2321
2321
2322
2322
2325
2333
2335
2338
2339
2340
2342
2351
2353
2358
2368
2372
2377
2378
2379
2380
2382
2383
2387
2392
2392
2397
2405
2406
2407
2409
2413
2415
2415
2417
2419
2420
2425
2433
2434
2435
2436
2437
2438
2444
2447
2457
2457
2460
2460
2467
2467
2469
2475
2475
2477
2479
2488
2489
2491
2491
2494
2495
2496
2496
2496
2497
2500
2501
2502
2507
2508
2509
2510
2513
2514
2515
2515
2515
2518
2525
2526
2529
2529
2530
2532
2532
2533
2536
2537
2537
2541
2543
2547
2550
2552
2553
2555
2559
2559
2562
2563
2563
2564
2569
2569
2570
2571
2574
2577
2578
2580
2590
2590
2590
2590
2591
2599
2603
2606
2606
2612
2613
2614
2614
2617
2617
2617
2622
2623
2623
2625
2626
2631
2634
2635
2636
2639
2640
2640
2641
2641
2643
2643
2647
2648
2651
2653
2655
2657
2661
2667
2668
2671
2672
2674
2674
2678
2678
2679
2685
2686
2689
2690
2692
2694
2700
2702
2702
2710
2713
2717
2726
2727
2729
2731
2735
2737
2739
2740
2741
2747
2747
2747
2748
2748
2756
2761
2762
2765
2765
2768
2772
2772
2774
2776
2779
2783
2783
2784
2786
2792
2792
2802
2805
2806
2810
2812
2813
2813
2814
2816
2816
2820
2821
2829
2833
2834
2837
2842
2843
2843
2844
2844
2852
2853
2855
2856
2857
2862
2864
2865
2869
2870
2872
2876
2892
2893
2893
2895
2898
2898
2902
2902
2903
2906
2907
2914
2915
2916
2919
2921
2921
2922
2922
2925
2925
2926
2930
2933
2933
2934
2939
2941
2943
2950
2950
2953
2954
2955
2963
2964
2964
2965
2965
2967
2976
2978
2980
2984
2984
2989
2990
2996
2999
3003
3008
3011
3011
3012
3019
3023
3025
3034
3036
3038
3040
3041
3043
3046
3049
3050
3053
3053
3054
3055
3057
3058
3058
3059
3062
3065
3068
3071
3072
3072
3074
3075
3080
3088
3088
3094
3096
3097
3098
3099
3099
3100
3104
3109
3113
3118
3121
3122
3123
3125
3127
3129
3129
3130
3132
3133
3133
3135
3137
3140
3144
3147
3149
3150
3156
3156
3159
3162
3167
3168
3174
3174
3178
3181
3181
3183
3185
3193
3194
3198
3204
3205
3212
3214
3214
3218
3219
3220
3222
3224
3226
3232
3235
3238
3241
3241
3244
3244
3248
3252
3255
3256
3256
3266
3266
3269
3273
3281
3281
3286
3286
3287
3289
3296
3296
3302
3302
3306
3309
3310
3314
3316
3320
3321
3322
3325
3329
3329
3337
3337
3338
3340
3341
3343
3347
3350
3354
3354
3354
3356
3359
3360
3361
3361
3372
3374
3376
3376
3377
3377
3378
3380
3381
3381
3382
3383
3384
3384
3385
3385
3393
3397
3401
3401
3409
3410
3412
3412
3412
3416
3416
3420
3425
3426
3426
3433
3438
3438
3441
3442
3447
3447
3448
3449
3452
3453
3453
3453
3457
3466
3467
3468
3473
3474
3475
3476
3480
3480
3480
3486
3489
3490
3491
3493
3500
3501
3501
3505
3508
3510
3510
3510
3517
3521
3523
3525
3527
3528
3529
3530
3531
3537
3539
3539
3540
3540
3541
3545
3546
3547
3548
3549
3549
3554
3556
3557
3559
3559
3561
3563
3563
3569
3573
3576
3576
3589
3589
3591
3593
3597
3598
3598
3602
3602
3611
3613
3621
3623
3626
3627
3630
3631
3633
3633
3634
3634
3635
3638
3640
3643
3644
3645
3646
3648
3649
3656
3664
3664
3664
3665
3665
3671
3673
3678
3684
3687
3689
3693
3696
3696
3703
3704
3704
3705
3710
3714
3714
3722
3723
3726
3726
3727
3729
3729
3731
3733
3734
3734
3736
3738
3739
3747
3751
3751
3753
3755
3762
3764
3765
3765
3766
3769
3770
3770
3771
3775
3775
3780
3781
3784
3785
3789
3790
3791
3792
3794
3794
3802
3803
3806
3808
3812
3812
3813
3814
3816
3822
3824
3829
3830
3830
3834
3836
3837
3837
3839
3842
3848
3849
3857
3859
3862
3864
3868
3872
3872
3872
3877
3880
3881
3882
3884
3885
3888
3889
3889
3889
3890
3894
3897
3903
3905
3907
3908
3915
3919
3919
3920
3920
3921
3922
3926
3928
3936
3942
3943
3945
3949
3950
3953
3955
3959
3969
3979
3980
3981
3984
3987
3987
3990
3993
3996
3999
4000
4000
4004
4008
4009
4012
4013
4013
4017
4021
4024
4025
4025
4026
4028
4029
4030
4031
4031
4031
4032
4032
4034
4037
4038
4039
4039
4042
4048
4054
4061
4062
4065
4065
4071
4074
4077
4077
4078
4084
4087
4089
4090
4091
4099
4099
4101
4107
4108
4110
4113
4113
4115
4118
4118
4125
4125
4128
4132
4134
4136
4137
4138
4139
4144
4145
4146
4156
4163
4164
4173
4174
4181
4182
4186
4186
4186
4190
4190
4192
4193
4195
4197
4197
4198
4200
4200
4201
4201
4201
4207
4209
4226
4228
4229
4229
4231
4234
4234
4235
4235
4242
4245
4245
4246
4248
4258
4259
4259
4269
4274
4275
4276
4279
4280
4280
4282
4285
4285
4288
4294
4297
4301
4302
4304
4304
4305
4307
4314
4315
4324
4326
4326
4327
4327
4333
4338
4339
4343
4348
4349
4349
4350
4350
4351
4352
4358
4358
4359
4361
4361
4362
4364
4366
4367
4367
4371
4372
4375
4378
4378
4382
4389
4389
4392
4396
4397
4403
4419
4422
4423
4425
4427
4431
4433
4434
4435
4435
4441
4441
4443
4443
4445
4446
4448
4458
4460
4463
4464
4464
4465
4467
4468
4468
4471
4475
4477
4481
4483
4484
4485
4487
4490
4492
4493
4496
4497
4497
4500
4500
4501
4503
4504
4506
4506
4507
4508
4510
4511
4511
4514
4521
4524
4529
4533
4539
4539
4542
4543
4544
4544
4544
4546
4555
4555
4556
4557
4560
4565
4567
4569
4576
4577
4579
4580
4580
4581
4586
4587
4587
4588
4591
4591
4591
4593
4595
4598
4599
4599
4603
4608
4613
4614
4617
4619
4620
4628
4630
4631
4631
4632
4635
4638
4641
4645
4647
4652
4653
4653
4655
4656
4658
4658
4660
4666
4666
4668
4672
4673
4676
4676
4677
4679
4679
4681
4685
4687
4688
4689
4690
4695
4696
4696
4698
4708
4713
4714
4721
4722
4723
4723
4723
4724
4725
4726
4726
4729
4732
4733
4736
4737
4743
4753
4754
4755
4755
4763
4766
4768
4769
4769
4769
4769
4773
4778
4778
4783
4785
4791
4794
4795
4799
4804
4816
4820
4820
4824
4825
4829
4831
4832
4832
4833
4834
4836
4838
4847
4848
4848
4848
4852
4855
4857
4861
4862
4863
4863
4864
4865
4865
4866
4866
4872
4875
4880
4881
4882
4891
4892
4893
4894
4897
4897
4898
4905
4907
4911
4913
4915
4917
4921
4923
4931
4933
4935
4936
4937
4941
4943
4946
4950
4950
4963
4964
4969
4971
4971
4973
4975
4982
4983
4984
4985
4985
4989
4993
4995
4997
4997
5000
5005
5006
5007
5007
5008
5010
5011
5012
5012
5012
5015
5017
5021
5022
5024
5026
5034
5040
5040
5043
5044
5047
5049
5050
5053
5053
5053
5056
5060
5064
5067
5067
5071
5074
5075
5075
5078
5079
5082
5084
5088
5089
5089
5092
5093
5098
5101
5105
5106
5108
5110
5111
5111
5117
5117
5117
5119
5120
5124
5124
5124
5134
5138
5138
5139
5140
5142
5146
5148
5152
5155
5155
5157
5161
5167
5172
5174
5176
5179
5184
5188
5191
5195
5195
5198
5203
5204
5211
5213
5214
5216
5216
5228
5233
5235
5235
5240
5244
5249
5250
5252
5255
5255
5257
5259
5260
5262
5263
5265
5267
5269
5276
5281
5282
5283
5285
5287
5300
5300
5302
5304
5308
5308
5310
5318
5322
5322
5325
5326
5335
5335
5337
5341
5343
5346
5347
5347
5348
5353
5355
5359
5361
5364
5364
5365
5366
5368
5371
5371
5374
5380
5381
5381
5389
5390
5390
5394
5395
5405
5407
5410
5415
5417
5423
5428
5428
5430
5431
5432
5437
5442
5445
5445
5449
5452
5453
5456
5457
5459
5460
5465
5467
5469
5470
5470
5473
5473
5476
5479
5480
5481
5481
5482
5482
5482
5484
5489
5493
5495
5496
5499
5500
5508
5512
5518
5520
5524
5524
5524
5531
5533
5534
5536
5539
5540
5541
5552
5554
5558
5559
5562
5571
5573
5575
5579
5593
5595
5600
5600
5604
5607
5609
5613
5615
5618
5620
5620
5625
5629
5631
5634
5635
5638
5641
5642
5643
5648
5654
5656
5659
5668
5670
5680
5681
5684
5685
5685
5688
5688
5689
5690
5691
5692
5692
5697
5699
5700
5702
5703
5711
5713
5714
5715
5719
5724
5727
5729
5732
5742
5742
5744
5744
5751
5752
5757
5762
5765
5765
5767
5769
5784
5786
5796
5796
5796
5806
5806
5812
5813
5815
5816
5827
5827
5828
5829
5830
5834
5836
5836
5837
5843
5844
5844
5846
5850
5851
5852
5852
5854
5855
5860
5860
5862
5863
5866
5872
5873
5875
5877
5881
5883
5884
5887
5893
5895
5897
5897
5899
5901
5904
5905
5906
5906
5915
5916
5920
5920
5921
5926
5928
5929
5930
5930
5931
5933
5935
5939
5939
5940
5945
5946
5950
5960
5961
5967
5968
5971
5973
5974
5974
5976
5976
5987
5988
5989
5990
5990
5991
5994
5997
5998
5999
6000
6004
6004
6004
6005
6009
6010
6015
6016
6018
6018
6021
6031
6036
6036
6045
6045
6046
6065
6065
6066
6068
6069
6069
6069
6070
6072
6081
6089
6089
6089
6091
6095
6095
6096
6096
6099
6103
6104
6107
6107
6112
6114
6115
6117
6118
6121
6122
6128
6131
6133
6135
6147
6150
6151
6151
6153
6155
6157
6161
6161
6162
6165
6166
6172
6172
6174
6179
6181
6186
6187
6190
6191
6191
6193
6196
6196
6200
6201
6208
6211
6212
6212
6214
6217
6220
6223
6223
6224
6226
6231
6231
6237
6241
6243
6244
6246
6247
6250
6253
6256
6257
6257
6258
6264
6265
6266
6266
6268
6269
6272
6274
6277
6277
6280
6281
6284
6286
6288
6289
6300
6301
6301
6304
6305
6306
6307
6307
6309
6312
6316
6316
6323
6324
6324
6328
6333
6341
6341
6342
6342
6343
6343
6348
6348
6350
6352
6358
6364
6369
6372
6380
6382
6389
6389
6392
6393
6393
6394
6397
6405
6409
6409
6417
6419
6419
6419
6421
6422
6426
6426
6430
6436
6436
6439
6442
6445
6446
6447
6451
6452
6453
6461
6462
6467
6472
6473
6475
6476
6480
6480
6483
6485
6488
6489
6490
6495
6497
6498
6499
6502
6502
6502
6504
6505
6505
6507
6509
6513
6516
6518
6519
6520
6525
6525
6532
6534
6535
6536
6537
6538
6540
6544
6551
6552
6554
6557
6560
6563
6566
6566
6567
6569
6572
6573
6573
6581
6586
6587
6587
6599
6600
6601
6602
6607
6607
6613
6617
6620
6621
6623
6623
6625
6634
6636
6636
6637
6637
6638
6641
6646
6647
6654
6664
6668
6674
6674
6676
6680
6681
6682
6684
6691
6696
6696
6701
6704
6704
6709
6716
6717
6719
6721
6721
6722
6723
6726
6727
6727
6731
6731
6732
6734
6735
6736
6736
6736
6738
6740
6740
6743
6749
6749
6751
6752
6753
6757
6758
6759
6760
6770
6785
6798
6801
6803
6803
6804
6805
6806
6808
6808
6811
6812
6816
6817
6821
6822
6826
6827
6829
6832
6833
6837
6837
6844
6845
6845
6848
6851
6853
6855
6859
6860
6862
6862
6862
6866
6867
6873
6875
6875
6883
6884
6886
6887
6894
6896
6898
6904
6904
6907
6911
6912
6914
6921
6925
6926
6936
6936
6938
6944
6944
6945
6947
6947
6947
6948
6951
6955
6960
6963
6968
6968
6969
6973
6974
6974
6978
6980
6983
6984
6985
6985
6990
6990
6993
6993
6995
6995
6997
7004
7006
7006
7008
7010
7013
7014
7014
7020
7026
7028
7030
7032
7033
7034
7034
7035
7037
7043
7044
7051
7054
7058
7059
7061
7062
7066
7066
7069
7075
7078
7078
7079
7086
7086
7088
7091
7094
7098
7099
7103
7103
7105
7106
7111
7113
7118
7135
7136
7144
7145
7153
7153
7156
7156
7157
7158
7160
7165
7168
7169
7169
7175
7175
7177
7181
7187
7187
7191
7195
7196
7200
7201
7203
7203
7205
7209
7210
7212
7213
7216
7217
7217
7219
7220
7222
7222
7224
7225
7230
7235
7238
7239
7241
7242
7243
7243
7244
7246
7252
7258
7263
7267
7272
7274
7276
7279
7282
7282
7284
7286
7287
7288
7288
7290
7294
7294
7294
7295
7297
7304
7311
7318
7322
7322
7324
7325
7325
7333
7334
7339
7339
7342
7349
7352
7361
7363
7368
7370
7372
7372
7375
7375
7376
7379
7379
7380
7381
7381
7381
7382
7385
7388
7388
7390
7394
7395
7397
7399
7399
7399
7405
7416
7421
7421
7427
7428
7429
7430
7433
7434
7438
7438
7439
7439
7443
7448
7464
7475
7476
7479
7481
7483
7486
7486
7487
7488
7490
7493
7494
7498
7498
7501
7507
7508
7509
7509
7510
7511
7511
7515
7516
7519
7520
7524
7525
7527
7529
7530
7535
7536
7537
7542
7548
7548
7551
7552
7552
7552
7553
7554
7556
7559
7560
7564
7567
7570
7570
7572
7574
7574
7576
7584
7586
7587
7587
7588
7590
7591
7591
7596
7597
7597
7600
7602
7604
7605
7607
7609
7610
7610
7621
7630
7631
7631
7635
7643
7644
7644
7646
7648
7648
7650
7653
7658
7661
7661
7673
7677
7681
7682
7687
7689
7694
7697
7700
7702
7703
7706
7709
7712
7714
7714
7716
7723
7729
7738
7738
7739
7739
7741
7743
7747
7751
7752
7753
7756
7760
7770
7770
7774
7777
7782
7783
7790
7790
7791
7792
7793
7794
7795
7797
7804
7809
7809
7811
7811
7811
7812
7813
7815
7815
7819
7819
7820
7822
7827
7828
7829
7830
7833
7836
7838
7843
7845
7845
7848
7850
7859
7860
7863
7869
7869
7871
7871
7871
7872
7873
7877
7881
7884
7887
7892
7896
7897
7899
7901
7901
7902
7904
7908
7913
7913
7915
7916
7916
7921
7921
7924
7925
7925
7927
7933
7935
7936
7938
7941
7941
7942
7942
7944
7946
7950
7962
7965
7969
7970
7974
7974
7978
7979
7979
7987
7992
7992
7996
8002
8006
8008
8008
8012
8013
8013
8014
8015
8015
8018
8019
8021
8025
8035
8038
8042
8045
8045
8045
8050
8057
8058
8060
8060
8061
8061
8062
8063
8063
8067
8069
8070
8071
8072
8080
8080
8081
8082
8083
8091
8093
8094
8097
8108
8111
8113
8118
8122
8124
8130
8130
8131
8132
8134
8135
8137
8140
8141
8144
8145
8146
8155
8156
8159
8164
8165
8166
8170
8173
8176
8176
8177
8181
8198
8201
8204
8206
8207
8207
8208
8208
8217
8218
8219
8230
8231
8231
8233
8237
8238
8239
8246
8252
8252
8256
8258
8258
8259
8259
8259
8261
8262
8264
8266
8267
8268
8270
8285
8290
8293
8294
8298
8301
8302
8304
8304
8306
8310
8311
8311
8316
8318
8333
8338
8348
8350
8352
8353
8354
8355
8358
8359
8359
8360
8361
8361
8363
8363
8364
8369
8370
8371
8373
8376
8381
8383
8384
8395
8400
8411
8413
8418
8421
8422
8423
8426
8429
8430
8432
8433
8434
8438
8442
8442
8443
8444
8445
8448
8450
8450
8453
8454
8457
8460
8461
8462
8464
8465
8469
8471
8473
8474
8476
8476
8484
8484
8485
8492
8496
8497
8497
8497
8500
8505
8506
8507
8512
8513
8516
8523
8524
8530
8534
8534
8534
8535
8536
8538
8538
8538
8539
8541
8541
8549
8551
8552
8553
8553
8556
8559
8563
8571
8571
8571
8575
8585
8586
8588
8589
8589
8593
8595
8596
8596
8599
8600
8600
8602
8602
8602
8603
8607
8607
8609
8610
8613
8613
8631
8635
8637
8640
8644
8646
8647
8647
8654
8654
8655
8658
8665
8666
8667
8668
8668
8669
8671
8673
8674
8683
8684
8688
8689
8694
8694
8694
8701
8701
8703
8706
8712
8719
8719
8723
8726
8731
8732
8733
8734
8737
8738
8742
8745
8745
8749
8751
8751
8755
8756
8758
8764
8765
8765
8766
8771
8771
8780
8781
8782
8783
8784
8786
8791
8795
8797
8797
8805
8805
8805
8806
8815
8816
8816
8820
8825
8831
8835
8836
8837
8838
8839
8839
8842
8843
8844
8849
8850
8853
8853
8855
8856
8859
8861
8865
8867
8868
8871
8872
8874
8875
8878
8883
8886
8886
8887
8888
8891
8893
8894
8894
8894
8895
8897
8907
8911
8911
8911
8911
8912
8912
8913
8915
8915
8918
8921
8923
8923
8923
8924
8929
8934
8936
8937
8937
8938
8940
8941
8943
8945
8947
8948
8952
8953
8955
8956
8961
8963
8963
8967
8968
8972
8973
8975
8977
8979
8979
8979
8981
8982
8986
8986
8995
9003
9005
9006
9011
9013
9015
9015
9022
9032
9038
9040
9043
9044
9045
9047
9053
9058
9064
9066
9066
9074
9086
9091
9093
9095
9096
9097
9098
9101
9103
9107
9114
9115
9119
9122
9123
9124
9127
9128
9130
9133
9134
9135
9137
9139
9141
9141
9143
9146
9147
9147
9151
9152
9162
9162
9162
9162
9167
9168
9169
9169
9172
9173
9178
9181
9181
9189
9194
9197
9198
9203
9205
9205
9205
9208
9209
9210
9211
9212
9218
9219
9219
9219
9220
9225
9225
9226
9226
9232
9233
9240
9241
9242
9244
9245
9248
9249
9252
9254
9257
9257
9258
9262
9264
9264
9266
9270
9275
9278
9282
9283
9283
9285
9288
9288
9288
9291
9294
9294
9294
9298
9300
9302
9306
9311
9311
9312
9316
9320
9320
9322
9324
9324
9327
9329
9329
9329
9331
9336
9338
9340
9342
9344
9345
9346
9348
9350
9352
9353
9355
9357
9359
9360
9361
9367
9368
9369
9373
9380
9388
9393
9396
9404
9405
9407
9407
9409
9410
9410
9415
9417
9422
9424
9426
9426
9426
9426
9426
9434
9435
9437
9439
9439
9442
9448
9452
9458
9459
9459
9459
9462
9465
9466
9466
9468
9468
9469
9469
9470
9470
9471
9472
9476
9476
9484
9486
9490
9491
9500
9504
9504
9510
9511
9513
9524
9526
9528
9528
9530
9530
9531
9533
9536
9537
9540
9541
9542
9542
9546
9549
9550
9551
9558
9558
9564
9570
9571
9571
9574
9574
9575
9575
9578
9579
9585
9586
9587
9587
9587
9589
9591
9592
9594
9602
9603
9605
9609
9614
9632
9633
9633
9635
9635
9638
9640
9643
9644
9647
9648
9650
9651
9651
9653
9654
9654
9658
9661
9662
9663
9666
9666
9667
9667
9669
9672
9672
9677
9678
9679
9680
9690
9691
9693
9694
9695
9700
9703
9705
9709
9709
9710
9713
9719
9720
9721
9723
9726
9727
9729
9734
9734
9742
9742
9754
9755
9759
9763
9765
9769
9773
9775
9778
9779
9779
9784
9785
9789
9789
9798
9800
9800
9803
9803
9805
9808
9809
9810
9811
9816
9816
9817
9818
9821
9827
9829
9831
9832
9835
9844
9846
9848
9849
9851
9852
9852
9854
9855
9856
9860
9866
9867
9869
9870
9875
9880
9884
9884
9893
9897
9901
9903
9904
9904
9907
9914
9914
9915
9918
9920
9922
9922
9926
9929
9929
9931
9932
9934
9937
9942
9942
9949
9951
9957
9957
9961
9964
9965
9968
9974
9980
9983
9989
9989
9990
9991
9992
9998
10000
